0,0
1,0
2,0
3,0
4,0
5,0
6,0
7,0
8,0
9,0
10,0
11,0
12,0
13,0
14,0
15,1
16,1
17,1
18,1
19,1
20,1
21,1
22,1
23,1
24,1
25,1
26,1
27,1
28,1
29,1
30,1
31,1
32,1
33,1
34,1
35,1
36,1
37,1
38,1
39,1
40,1
41,1
42,1
43,1
44,1
45,1
46,1
47,1
48,1
49,1
50,0
51,0
52,0
53,0
54,0
55,0
56,0
57,0
58,0
59,0
60,0
61,0
62,0
63,0
64,0
65,1
66,1
67,1
68,1
69,1
70,1
71,1
72,1
73,1
74,1
75,1
76,1
77,1
78,1
79,1
80,1
81,1
82,1
83,1
84,1
85,1
86,1
87,1
88,1
89,1
90,1
91,1
92,1
93,1
94,1
95,1
96,1
97,1
98,1
99,1
100,0
101,0
102,0
103,0
104,0
105,0
106,0
107,0
108,0
109,0
110,0
111,0
112,0
113,0
114,1
115,1
116,1
117,1
118,1
119,1
120,1
121,1
122,1
123,1
124,1
125,1
126,1
127,1
128,1
129,1
130,1
131,1
132,1
133,1
134,1
135,1
136,1
137,1
138,1
139,1
140,1
141,1
142,1
143,1
144,1
145,1
146,1
147,1
148,1
149,1
150,0
151,0
152,0
153,0
154,0
155,0
156,0
157,0
158,0
159,0
160,0
161,0
162,0
163,0
164,1
165,1
166,1
167,1
168,1
169,1
170,1
171,1
172,1
173,1
174,1
175,1
176,1
177,1
178,1
179,1
180,1
181,1
182,1
183,1
184,1
185,1
186,1
187,1
188,1
189,1
190,1
191,1
192,1
193,1
194,1
195,1
196,1
197,1
198,1
199,2
200,0
201,0
202,0
203,0
204,0
205,0
206,0
207,0
208,0
209,0
210,0
211,0
212,0
213,1
214,1
215,1
216,1
217,1
218,1
219,1
220,1
221,1
222,1
223,1
224,1
225,1
226,1
227,1
228,1
229,1
230,1
231,1
232,1
233,1
234,1
235,1
236,1
237,1
238,1
239,1
240,1
241,1
242,1
243,1
244,1
245,1
246,1
247,2
248,2
249,2
250,0
251,0
252,0
253,0
254,0
255,0
256,0
257,0
258,0
259,0
260,0
261,0
262,0
263,1
264,1
265,1
266,1
267,1
268,1
269,1
270,1
271,1
272,1
273,1
274,1
275,1
276,1
277,1
278,1
279,1
280,1
281,1
282,1
283,1
284,1
285,1
286,1
287,1
288,1
289,1
290,1
291,1
292,1
293,1
294,1
295,2
296,2
297,2
298,2
299,2
300,0
301,0
302,0
303,0
304,0
305,0
306,0
307,0
308,0
309,0
310,0
311,0
312,0
313,1
314,1
315,1
316,1
317,1
318,1
319,1
320,1
321,1
322,1
323,1
324,1
325,1
326,1
327,1
328,1
329,1
330,1
331,1
332,1
333,1
334,1
335,1
336,1
337,1
338,1
339,1
340,1
341,1
342,1
343,2
344,2
345,2
346,2
347,2
348,2
349,2
350,0
351,0
352,0
353,0
354,0
355,0
356,0
357,0
358,0
359,0
360,0
361,0
362,1
363,1
364,1
365,1
366,1
367,1
368,1
369,1
370,1
371,1
372,1
373,1
374,1
375,1
376,1
377,1
378,1
379,1
380,1
381,1
382,1
383,1
384,1
385,1
386,1
387,1
388,1
389,1
390,1
391,2
392,2
393,2
394,2
395,2
396,2
397,2
398,2
399,2
400,0
401,0
402,0
403,0
404,0
405,0
406,0
407,0
408,0
409,0
410,0
411,0
412,1
413,1
414,1
415,1
416,1
417,1
418,1
419,1
420,1
421,1
422,1
423,1
424,1
425,1
426,1
427,1
428,1
429,1
430,1
431,1
432,1
433,1
434,1
435,1
436,1
437,1
438,1
439,2
440,2
441,2
442,2
443,2
444,2
445,2
446,2
447,2
448,2
449,2
450,0
451,0
452,0
453,0
454,0
455,0
456,0
457,0
458,0
459,0
460,0
461,1
462,1
463,1
464,1
465,1
466,1
467,1
468,1
469,1
470,1
471,1
472,1
473,1
474,1
475,1
476,1
477,1
478,1
479,1
480,1
481,1
482,1
483,1
484,1
485,1
486,1
487,2
488,2
489,2
490,2
491,2
492,2
493,2
494,2
495,2
496,2
497,2
498,2
499,2
500,0
501,0
502,0
503,0
504,0
505,0
506,0
507,0
508,0
509,0
510,0
511,1
512,1
513,1
514,1
515,1
516,1
517,1
518,1
519,1
520,1
521,1
522,1
523,1
524,1
525,1
526,1
527,1
528,1
529,1
530,1
531,1
532,1
533,1
534,1
535,2
536,2
537,2
538,2
539,2
540,2
541,2
542,2
543,2
544,2
545,2
546,2
547,2
548,2
549,2
550,0
551,0
552,0
553,0
554,0
555,0
556,0
557,0
558,0
559,0
560,0
561,1
562,1
563,1
564,1
565,1
566,1
567,1
568,1
569,1
570,1
571,1
572,1
573,1
574,1
575,1
576,1
577,1
578,1
579,1
580,1
581,1
582,1
583,2
584,2
585,2
586,2
587,2
588,2
589,2
590,2
591,2
592,2
593,2
594,2
595,2
596,2
597,2
598,2
599,2
600,0
601,0
602,0
603,0
604,0
605,0
606,0
607,0
608,0
609,0
610,1
611,1
612,1
613,1
614,1
615,1
616,1
617,1
618,1
619,1
620,1
621,1
622,1
623,1
624,1
625,1
626,1
627,1
628,1
629,1
630,1
631,2
632,2
633,2
634,2
635,2
636,2
637,2
638,2
639,2
640,2
641,2
642,2
643,2
644,2
645,2
646,2
647,2
648,2
649,2
650,0
651,0
652,0
653,0
654,0
655,0
656,0
657,0
658,0
659,0
660,1
661,1
662,1
663,1
664,1
665,1
666,1
667,1
668,1
669,1
670,1
671,1
672,1
673,1
674,1
675,1
676,1
677,1
678,1
679,2
680,2
681,2
682,2
683,2
684,2
685,2
686,2
687,2
688,2
689,2
690,2
691,2
692,2
693,2
694,2
695,2
696,2
697,2
698,2
699,2
700,0
701,0
702,0
703,0
704,0
705,0
706,0
707,0
708,0
709,1
710,1
711,1
712,1
713,1
714,1
715,1
716,1
717,1
718,1
719,1
720,1
721,1
722,1
723,1
724,1
725,1
726,1
727,2
728,2
729,2
730,2
731,2
732,2
733,2
734,2
735,2
736,2
737,2
738,2
739,2
740,2
741,2
742,2
743,2
744,2
745,2
746,2
747,2
748,2
749,2
750,0
751,0
752,0
753,0
754,0
755,0
756,0
757,0
758,0
759,1
760,1
761,1
762,1
763,1
764,1
765,1
766,1
767,1
768,1
769,1
770,1
771,1
772,1
773,1
774,1
775,2
776,2
777,2
778,2
779,2
780,2
781,2
782,2
783,2
784,2
785,2
786,2
787,2
788,2
789,2
790,2
791,2
792,2
793,2
794,2
795,2
796,2
797,2
798,2
799,2
800,0
801,0
802,0
803,0
804,0
805,0
806,0
807,0
808,0
809,1
810,1
811,1
812,1
813,1
814,1
815,1
816,1
817,1
818,1
819,1
820,1
821,1
822,1
823,2
824,2
825,2
826,2
827,2
828,2
829,2
830,2
831,2
832,2
833,2
834,2
835,2
836,2
837,2
838,2
839,2
840,2
841,2
842,2
843,2
844,2
845,2
846,2
847,2
848,2
849,2
850,0
851,0
852,0
853,0
854,0
855,0
856,0
857,0
858,1
859,1
860,1
861,1
862,1
863,1
864,1
865,1
866,1
867,1
868,1
869,1
870,1
871,2
872,2
873,2
874,2
875,2
876,2
877,2
878,2
879,2
880,2
881,2
882,2
883,2
884,2
885,2
886,2
887,2
888,2
889,2
890,2
891,2
892,2
893,2
894,2
895,2
896,2
897,2
898,2
899,2
900,0
901,0
902,0
903,0
904,0
905,0
906,0
907,0
908,1
909,1
910,1
911,1
912,1
913,1
914,1
915,1
916,1
917,1
918,1
919,2
920,2
921,2
922,2
923,2
924,2
925,2
926,2
927,2
928,2
929,2
930,2
931,2
932,2
933,2
934,2
935,2
936,2
937,2
938,2
939,2
940,2
941,2
942,2
943,2
944,2
945,2
946,2
947,2
948,2
949,2
950,0
951,0
952,0
953,0
954,0
955,0
956,0
957,1
958,1
959,1
960,1
961,1
962,1
963,1
964,1
965,1
966,1
967,2
968,2
969,2
970,2
971,2
972,2
973,2
974,2
975,2
976,2
977,2
978,2
979,2
980,2
981,2
982,2
983,2
984,2
985,2
986,2
987,2
988,2
989,2
990,2
991,2
992,2
993,2
994,2
995,2
996,2
997,2
998,2
999,2
